48.0 0.0 0
48.613620364409414 6.141328444650909 0.2
48.429158056431554 12.43449435824274 0.4
45.55904780852432 18.03810308154922 0.6000000000000001
39.433800601973864 21.67891533457719 0.8
38.83281572999748 28.21369211003871 1.0
34.99049411622775 32.85826108457706 1.2
29.958927518188414 36.214122410462096 1.4
24.112205774054843 37.99475664759068 1.5999999999999999
19.58584741199333 41.6220444134369 1.7999999999999998
14.83281572999747 45.650712782167375 1.9999999999999998
8.994303100114767 47.14978803497706 2.1999999999999997
3.076735456936341 48.9033096929853 2.4
-3.139525976465692 49.901336421413575 2.6
-8.619540470943353 45.18521353351968 2.8000000000000003
-14.832815729997494 45.65071278216736 3.0000000000000004
-19.585847411993367 41.62204441343688 3.2000000000000006
-24.648032569033873 38.83908457309268 3.400000000000001
-28.684079538691055 34.6730959249105 3.600000000000001
-34.99049411622776 32.85826108457705 3.800000000000001
-37.21478174124758 27.03812160545377 4.000000000000001
-43.81533400219317 24.08768370508578 4.200000000000001
-43.6994948367478 17.301853976179892 4.400000000000001
-44.55482541191702 11.43973480958334 4.600000000000001
-46.62939096178045 5.890661977522334 4.800000000000002
-47.0 4.7500225681898444e-14 5.000000000000002
-44.64516155915151 -5.639995510393634 5.200000000000002
-45.52340857304568 -11.688424696748104 5.400000000000002
-46.48882429441261 -18.40622763423381 5.600000000000002
-42.06272064210549 -23.124176356882263 5.8000000000000025
-38.832815729997535 -28.213692110038636 6.000000000000003
-35.71946274364924 -33.54280819050567 6.200000000000003
-31.23377549768589 -37.755148896013594 6.400000000000003
-24.112205774054935 -37.99475664759062 6.600000000000003
-20.43740599512362 -43.431698518368876 6.800000000000003
-13.905764746872755 -42.79754323328187 7.0000000000000036
-9.369065729286406 -49.114362536434406 7.200000000000004
-3.013944937407204 -47.905282964557024 7.400000000000004
2.8255733788189183 -44.91120277927223 7.600000000000004
8.994303100114596 -47.14978803497709 7.800000000000004
13.905764746872473 -42.797543233281964 8.000000000000004
21.28896457825343 -45.241352623301076 8.200000000000003
26.79133974894965 -42.21639627510087 8.400000000000002
29.32150352843955 -35.44360916768645 8.600000000000001
33.532556861384776 -31.48916687271984 8.8
38.83281572999734 -28.21369211003889 9.0
40.310107282017604 -22.16066900867912 9.2
45.55904780852423 -18.03810308154946 9.399999999999999
48.42915805643148 -12.434494358243025 9.599999999999998
49.605735065723856 -6.266661678215497 9.799999999999997
47.0 -3.037223799933263e-13 9.999999999999996
48.613620364409456 6.141328444650609 10.199999999999996
44.5548254119171 11.439734809583046 10.399999999999995
45.55904780852443 18.03810308154894 10.599999999999994
40.31010728201786 22.160669008678653 10.799999999999994
39.641832724372605 28.801477362330935 10.999999999999993
34.26152548880654 32.17371397864816 11.199999999999992
29.321503528439944 35.44360916768613 11.399999999999991
25.183859364013088 39.68341249859455 11.59999999999999
20.863185286688825 44.33652557083484 11.79999999999999
14.5237987356228 44.699656265872136 11.99999999999999
8.80692178552933 46.16750078424832 12.199999999999989
2.9511544178780063 46.907256236128745 12.399999999999988
-3.013944937406767 47.90528296455705 12.599999999999987
-8.80692178552879 46.16750078424842 12.799999999999986
-15.450849718747092 47.55282581475777 12.999999999999986
-19.160068120428036 40.717217360970984 13.199999999999985
-25.183859364012623 39.68341249859485 13.399999999999984
-31.23377549768558 37.75514889601385 13.599999999999984
-34.26152548880616 32.17371397864856 13.799999999999983
-36.40576474687248 26.450336353161507 13.999999999999982
-42.939027322149165 23.60593003098431 14.199999999999982
-43.699494836747704 17.301853976180144 14.39999999999998
-47.46057489530284 12.185804471078201 14.59999999999998
-45.63727626046594 5.765328743958312 14.79999999999998
-47.0 3.1883873290028667e-13 14.999999999999979
-47.62150566309498 -6.015995211086267 15.199999999999978
-45.52340857304575 -11.688424696747841 15.399999999999977
-42.7697183508597 -16.93372942349486 15.599999999999977
-39.43380060197403 -21.678915334576878 15.799999999999976
-38.023798735622755 -27.625906857745928 15.999999999999975
-32.80358823396378 -30.80461976679071 16.199999999999974
-30.596351507937428 -36.98463565323762 16.399999999999974
-26.79133974895019 -42.21639627510053 16.599999999999973
-19.585847411993726 -41.62204441343672 16.799999999999972
-13.905764746873022 -42.797543233281786 16.99999999999997
-8.9943031001152 -47.14978803497698 17.19999999999997
-2.8255733788195325 -44.911202779272195 17.39999999999997
3.01394493740659 -47.90528296455706 17.59999999999997
9.369065729285733 -49.11436253643453 17.79999999999997
14.832815729997023 -45.65071278216752 17.999999999999968
20.011626703557997 -42.52687146590311 18.199999999999967
24.648032569033436 -38.839084573092954 18.399999999999967
29.95892751818804 -36.2141224104624 18.599999999999966
33.532556861384585 -31.489166872720048 18.799999999999965
37.214781741247286 -27.03812160545417 18.999999999999964
43.8153340021929 -24.08768370508627 19.199999999999964
41.839941864971124 -16.565604870810986 19.399999999999963
43.586242250788274 -11.191044922418955 19.599999999999962
44.64516155915143 -5.6399955103942245 19.79999999999996
48.0 -5.659799431646927e-13 19.99999999999996
48.613620364409485 6.14132844465032 20.19999999999996
46.49199173417444 11.937114583912464 20.39999999999996
43.69949483674803 17.301853976179334 20.59999999999996
40.310107282017995 22.16066900867841 20.799999999999958
36.405764746872954 26.45033635316085 20.999999999999957
33.53255686138531 31.489166872719274 21.199999999999957
28.684079538691456 34.673095924910164 21.399999999999956
26.255512953971326 41.37206834959842 21.599999999999955
20.86318528668909 44.33652557083471 21.799999999999955
14.832815729998016 45.65071278216719 21.999999999999954
8.806921785529605 46.16750078424827 22.199999999999953
3.1395259764662633 49.90133642141354 22.399999999999952
-2.951154417877178 46.9072562361288 22.59999999999995
-8.806921785528514 46.167500784248475 22.79999999999995
-14.832815729996945 45.650712782167545 22.99999999999995
-21.288964578253115 45.24135262330122 23.19999999999995
-26.79133974894934 42.21639627510107 23.39999999999995
-31.23377549768536 37.755148896014035 23.599999999999948
-33.532556861384556 31.489166872720073 23.799999999999947
-40.450849718747016 29.389262614624144 23.999999999999947
-43.81533400219288 24.087683705086306 24.199999999999946
-41.83994186497111 16.56560487081102 24.399999999999945
-48.4291580564314 12.434494358243343 24.599999999999945
-46.62939096178038 5.8906619775228934 24.799999999999944
-46.0 5.980483812160613e-13 24.999999999999943
-48.6136203644095 -6.141328444650263 25.199999999999942
-45.52340857304582 -11.688424696747559 25.39999999999994
-46.488824294412815 -18.40622763423328 25.59999999999994
-43.81533400219351 -24.087683705085166 25.79999999999994
-40.450849718747776 -29.389262614623096 25.99999999999994
-35.719462743649636 -33.542808190505234 26.19999999999994
-30.596351507937626 -36.984635653237454 26.399999999999938
-26.255512953971447 -41.37206834959835 26.599999999999937
-19.16006812042886 -40.7172173609706 26.799999999999937
-13.905764746873288 -42.7975432332817 26.999999999999936
-8.994303100115493 -47.14978803497692 27.199999999999935
-2.9511544178784286 -46.907256236128724 27.399999999999935
2.888363898347697 -45.90922950770054 27.599999999999934
9.181684414699763 -48.13207528570589 27.799999999999933
14.214781741246872 -43.748599749577295 27.999999999999932
19.585847411992678 -41.62204441343721 28.199999999999932
25.183859364012175 -39.68341249859513 28.39999999999993
31.87119948743385 -38.52566213878999 28.59999999999993
36.448431371070015 -34.22735529643503 28.79999999999993
38.02379873562206 -27.62590685774689 28.99999999999993
40.310107282017356 -22.160669008679584 29.19999999999993
42.769718350859264 -16.93372942349594 29.399999999999928
43.5862422507882 -11.191044922419227 29.599999999999927
45.637276260465875 -5.7653287439588246 29.799999999999926
